95.48833247092809
86.95518498761342
86.95518498761342
86.95518498761342
86.95518498761342
86.95518498761342
86.95518498761342
86.95518498761342
86.95518498761342
86.95518498761342
86.95518498761342
86.95518498761342
86.95518498761342
86.95518498761342
86.95518498761342
86.95518498761342
86.6984396209408
86.6984396209408
86.6984396209408
86.6984396209408
86.6984396209408
86.6984396209408
86.6984396209408
86.6984396209408
86.6984396209408
86.6984396209408
86.6984396209408
86.6984396209408
86.6984396209408
86.6984396209408
86.6984396209408
86.6984396209408
86.6984396209408
86.6984396209408
86.6984396209408
86.6984396209408
86.6984396209408
86.6984396209408
86.6984396209408
86.6984396209408
86.6984396209408
86.6984396209408
86.6984396209408
86.6984396209408
86.6984396209408
86.6984396209408
86.6984396209408
86.6984396209408
86.6984396209408
86.6984396209408
86.6984396209408
86.6984396209408
86.6984396209408
86.6984396209408
86.6984396209408
86.6984396209408
86.38815654631726
86.38815654631726
86.38815654631726
86.38815654631726
86.38815654631726
86.38815654631726
86.38815654631726
86.38815654631726
86.38815654631726
86.38815654631726
86.38815654631726
86.38815654631726
86.38815654631726
86.38815654631726
86.38815654631726
86.38815654631726
86.38815654631726
86.38815654631726
86.38815654631726
86.38815654631726
86.38815654631726
86.38815654631726
86.38815654631726
86.38815654631726
86.38815654631726
86.38815654631726
86.38815654631726
86.38815654631726
86.38815654631726
86.38815654631726
86.38815654631726
86.38815654631726
86.38815654631726
86.38815654631726
86.38815654631726
86.38815654631726
86.38815654631726
86.38815654631726
86.38815654631726
86.38815654631726
86.38815654631726
86.38815654631726
86.38815654631726
86.38815654631726
86.38815654631726
86.38815654631726
86.38815654631726
86.38815654631726
86.38815654631726
86.38815654631726
86.38815654631726
86.38815654631726
86.38815654631726
86.38815654631726
86.38815654631726
86.38815654631726
86.38815654631726
86.38815654631726
86.38815654631726
86.38815654631726
86.38815654631726
86.38815654631726
86.38815654631726
84.49299733828168
84.49299733828168
84.49299733828168
84.49299733828168
84.49299733828168
84.49299733828168
84.49299733828168
84.49299733828168
84.49299733828168
84.49299733828168
84.49299733828168
84.49299733828168
84.49299733828168
84.49299733828168
84.49299733828168
84.49299733828168
84.49299733828168
84.49299733828168
84.49299733828168
84.49299733828168
84.49299733828168
84.49299733828168
84.49299733828168
84.49299733828168
84.49299733828168
84.49299733828168
84.49299733828168
84.49299733828168
84.49299733828168
84.49299733828168
84.49299733828168
84.49299733828168
84.49299733828168
84.49299733828168
84.49299733828168
84.49299733828168
84.49299733828168
84.49299733828168
84.49299733828168
84.49299733828168
84.49299733828168
84.49299733828168
84.49299733828168
84.49299733828168
84.49299733828168
84.49299733828168
84.49299733828168
84.49299733828168
84.49299733828168
84.49299733828168
84.49299733828168
84.49299733828168
84.49299733828168
84.49299733828168
84.49299733828168
84.49299733828168
84.49299733828168
84.49299733828168
84.49299733828168
84.49299733828168
84.49299733828168
